15056
16995
21211
29812
2930
16042
17264
16975
31572
14806
16559
17032
16618
27457
16404
3543
15580
29047
16052
14844
32472
15751
21475
20949
14886
32571
31832
31450
27398
31372
31876
31911
15650
8739
15057
15739
25956
16716
3042
31783
27931
17319
28037
9377
16469
17138
17269
15795
16403
15086
32039
25612
16545
30917
16515
30657
18555
17689
16403
8140
16287
16336
25871
33257
28874
16705
16988
15201
15654
9277
16281
16717
16016
16330
12411
20985
21069
21413
25854
16633
12411
21029
16566
20962
14872
16640
15736
15586
31033
20559
31913
3187
20589
30917
16362
14791
23053
30731
14671
9475
15938
16716
26007
16493
18030
17606
21633
27888
17631
16654
15833
17546
27838
16680
16528
27762
16354
20786
16483
17018
17303
13720
16962
16283
32535
21029
21424
16421
17546
21025
15984
15265
17177
25584
16622
21296
15910
16945
20683
22870
21495
31862
15271
15669
14192
16784
17893
16706
20862
15352
15548
27605
15929
15310
16194
24727
16359
16083
14898
31726
16112
15795
24422
16515
16287
20828
3607
16307
21244
14653
15951
16564
16834
16219
16380
20587
31914
16319
14486
15514
17758
16518
24521
15040
21156
16914
31759
15848
13483
20563
16742
21468
14710
17011
28420
15720
15869
15556
16887
13413
14122
21282
14969
16087
20873
16892
16290
28167
16589
15100
15835
23000
14224
25953
17577
15517
16217
14677
16254
3563
16418
17885
17626
4999
17101
15676
15642
21157
16655
22193
15132
15759
16069
15849
13307
17194
16576
21393
16820
17194
17003
16413
22556
13366
16242
2792
16359
13802
16340
16971
24324
15130
16063
32275
16022
17612
13951
16618
16269
16554
16934
15184
16219
17419
16081
15377
22345
21952
16865
16033
14560
17259
14438
16986
14371
21035
15426
16353
16039
16140
645
18902
15586
16340
22905
17438
15926
21731
14860
21872
16488
14746
25943
15622
17734
16526
17528
21193
14906
20802
21747
20723
16395
17692
16576
24603
15498
28989
17076
21393
17186
17065
15355
24741
17103
16517
17709
3439
16857
15163
30321
20830
16112
15671
15903
24705
16163
24584
31938
31229
16764
24697
17052
21359
24541
16623
17876
31156
15934
20813
15834
25973
15000
28785
16319
38722
16459
23093
23076
15440
31800
16900
24441
28975
28949
17819
18229
16159
16118
21462
15425
17487
21521
17367
28756
17170
20398
31886
16707
15933
16786
13849
15922
16308
3185
17740
16834
16996
16341
20961
24486
28877
16667
16162
16768
15649
16417
18294
15156
16439
30808
15571
16624
17033
22620
15965
16776
17134
16246
15997
17147
7370
16375
15451
18479
16004
14855
16611
15623
16162
16652
16536
15449
16398
15250
17097
36313
16381
15839
16840
16178
16132
16274
16808
16048
16174
16130
16176
16232
17451
16609
15825
16753
16623
31080
17073
16915
16790
3165
16784
18166
16418
16785
20440
16486
16044
16099
16573
16107
16648
16535
4882
17022
15503
16640
16734
25628
17586
16442
17251
15303
15829
15482
17081
16169
2430
16905
15336
16825
15261
17341
35170
16728
16579
4684
15504
15035
4750
25102
17193
16736
28270
17424
16670
15949
15327
16973
17611
18190
17885
22115
29616
16970
15236
15212
16904
16993
15776
16948
31929
17780
18053
15950
15692
17719
20728
17183
16016
17502
15302
17189
16691
16911
16980
23072
16057
16383
17728
16390
17451
14889
16953
16536
15201
15965
15534
15382
24592
16643
17200
17175
16970
16798
16198
30909
16778
16062
24663
16332
16094
19900
20709
16873
20658
33379
18521
15406
9039
17023
16190
20249
16130
16743
24567
15896
16743
14854
16033
15994
16209
16678
4891
26402
16681
17235
15145
24623
15562
16929
17162
15381
17077
17153
17469
16698
18197
22664
16875
20087
16251
17870
16424
18461
4825
16617
15621
16144
18320
21631
17158
15265
16700
20886
16354
15485
4704
21137
15522
18512
20159
24433
14347
15854
20750
16376
24585
17550
16414
16990
22762
20624
17200
4737
16481
8289
16540
16575
17131
17065
15622
20096
16247
17815
3110
3303
16999
15602
19816
16754
16960
17863
16872
16721
12097
18745
4825
17497
20310
7486
22723
16623
2978
17241
22462
23010
17709
19674
16376
4998
16197
20109
22935
19749
19934
16806
22453
3085
19602
20151
3055
17478
16704
20105
20279
16833
20626
20983
20086
19960
19892
20142
16855
17123
19970
17523
16977
19623
19547
9496
20166
20094
17856
16004
19728
17473
19722
19705
16226
14568
19818
17313
20562
22056
20382
16952
17083
23843
16863
15159
31721
27992
17026
19919
22527
17373
19909
14955
19827
16144
20942
16662
19736
19674
22754
16923
22781
25974
20370
4740
20396
23416
2432
20094
16879
20731
20208
17163
22484
20444
19183
23148
20571
20379
16874
15801
25656
10498
32533
19344
4999
32048
21062
19528
61481
20928
31627
5217
17753
9237
20823
20619
4898
15450
32077
20706
10593
10603
15830
15520
8442
16707
12052
14739
3025
2217
37148
14779
3214
3213
17170
25271
4663
4711
22833
2798
33036
16274
9435
35370
17183
16317
3586
12359
10912
10912
24756
17057
4766
16787
3344
20412
4697
18381
2613
5101
32185
4977
11014
9313
28528
29886
16301
2485
5300
5109
2956
3439
16529
19563
9572
25461
35313
4614
9397
22666
4935
20113
25416
4962
3764
5291
25297
4606
11212
2890
8499
21063
5333
9108
16453
20128
14821
9259
5432
10635
9141
9346
4995
3951
5140
9383
4721
25623
3189
9460
4905
9802
15010
2978
14294
9434
36189
8209
7874
14732
4865
26028
4865
15304
23276
4935
32293
3474
4846
3443
31959
3013
32412
8549
9655
16914
15886
4819
2921
4914
23713
4852
4912
2912
4820
4816
20459
14523
3739
14633
14168
15712
10298
16593
31361
3622
3355
3640
24386
14562
27469
21437
3186
19428
3117
3603
9500
2582
9667
15818
15752
5664
3509
5434
15201
15529
15441
9486
5280
15564
3837
9298
25772
3681
3545
3487
14685
3188
15698
3536
9502
14608
9124
16055
17698
3528
15567
31066
9471
9478
9427
17928
39399
14998
2409
13168
2409
3296
37525
31290
30365
13970
20303
12996
19655
16313
4809
22919
3407
32296
3530
25647
13641
15675
13293
29902
3720
16416
1499
31561
16301
2299
10092
31889
39476
31314
2266
22248
14656
9350
51
14620
14693
13655
14899
15063
24066
14977
3462
15801
14836
3395
3129
15963
4938
3303
20188
16074
3253
14957
14943
15125
3783
20080
36536
14802
37581
20478
15490
38966
33716
14335
32462
13980
13970
15374
14825
15038
14737
25475
19754
19102
15445
29038
23485
14723
3443
15011
15050
21435
2211
14874
31893
26429
14058
14122
6330
3852
35006
9315
2925
34453
9010
9260
15873
2265
9091
9342
15493
2265
3320
14483
22266
38276
26202
15153
15099
14926
36270
14020
22439
15617
15368
15258
15419
10180
31765
18872
16919
4197
39162
14073
15024
26249
38790
14210
14256
15450
31960
15906
35135
31823
21645
13228
9381
15372
9766
10171
15174
15763
32243
16928
15262
4478
30982
4699
41984
15067
9516
37437
32380
10339
10461
32544
26991
40254
14312
21012
20750
15339
9786
26621
15403
11802
4416
9374
29120
9540
1429
14647
32389
2886
3965
13549
13201
23652
23640
8823
16911
14861
14948
18578
28284
23714
16908
21832
14304
39497
14869
4568
26830
41337
41005
39219
16639
14350
13409
14681
31188
15013
14769
35627
9510
39393
39458
2129
27522
2220
27607
22715
9646
9782
27186
27186
14555
32543
25552
4650
9506
30853
35574
38941
41316
41052
15113
9349
9580
36365
29709
22539
3229
38504
14842
36672
19827
11739
12508
43801
15899
2115
3363
14837
10433
29172
39861
14221
559
14942
31992
29873
26691
9563
29529
30573
10161
9705
15192
30033
4158
9858
3529
27235
24274
10491
30831
14873
10689
64661
4615
13069
3196
6969
14443
23075
9600
21146
35933
23360
7804
10414
13063
35947
31876
18321
23141
32294
37178
14386
23431
10000
20899
14830
9656
2382
21052
32540
15159
9776
22650
32331
23302
22392
3251
28809
38398
4306
29991
3280
15724
35966
12216
29645
14211
14211
14813
15443
7527
14683
15471
15585
14367
7948
4634
34670
15699
39657
15299
53621
7040
14867
3652
23049
22479
14909
14832
17000
15557
31555
15355
10229
10688
11998
23693
8889
23465
30196
17900
17900
31928
31927
36147
15054
14649
16880
14728
22573
13842
10574
30509
39765
30594
31467
14603
31197
21479
21360
14638
10534
14590
14723
14433
14315
10918
38954
14015
29750
29750
8145
14531
2332
2265
38888
7939
1679
31812
13869
14202
10048
9962
4310
23282
25858
31195
14997
15753
16187
32782
14561
38262
38499
30333
9650
4612
14025
11572
16101
31971
10791
38378
11144
4365
4310
15284
11997
4371
25746
40199
4101
36348
3861
15599
8015
39184
4437
11473
15336
14428
10900
14637
14637
30339
14649
15297
14315
1642
32384
10804
14528
30360
14940
21536
14998
15579
10932
23355
8752
29991
15334
15750
15224
15632
15037
3341
1873
8489
2310
10720
15187
25689
9921
7330
11881
37396
3175
9769
3265
4358
4358
4358
4386
4386
14921
26097
7388
14162
10396
15014
14195
3308
8432
3161
4342
4579
3653
31882
14973
14721
15052
7557
37569
36459
40045
15330
15654
8264
27257
13407
7809
15641
14211
13949
15874
2323
15466
17981
4558
14503
16073
4800
15156
13968
14311
15644
15109
14446
15203
21489
15236
14564
15047
8192
1587
16164
13982
14960
8565
8761
1247
14981
8432
27762
15478
14254
29264
4800
13790
8730
13890
11687
17968
27600
8622
15349
34194
8388
14104
10913
41472
23525
14395
4552
2074
13924
1455
1619
1452
13662
2359
15846
15490
14095
15106
8886
9304
23387
35016
21435
14159
23532
33082
15393
36484
4456
4591
8209
14187
14493
4268
7814
15326
39614
16068
7819
7819
16249
1515
16069
15829
35215
15980
14184
47108
15927
15768
15654
14919
14447
570
33156
15073
4368
43873
14556
7796
20402
21267
15373
14193
35484
14469
25794
14450
15345
14037
13913
15156
14492
14500
13854
13948
41413
15222
14355
23289
14329
15071
13903
35049
14705
17154
33141
16055
14407
467
16535
13430
13431
14030
34945
14800
15217
9877
-75
14229
3605
4095
15664
9918
15667
15650
2489
11382
14674
14037
33261
4512
39984
8176
3497
14147
14057
23032
14201
25741
14747
-55
27093
14954
14609
14379
987
31372
38377
14381
17450
11974
14475
14654
4286
13731
14587
13943
14090
27196
25053
8921
13932
7237
14414
8766
14799
648
27195
19317
19317
14635
14635
8503
10192
14568
14615
14389
8064
7769
132
7814
16498
14467
23152
7325
27265
10187
14426
14702
15259
3740
13640
7699
14019
9023
14660
8688
13976
14710
18592
9068
13820
8615
16480
38031
25798
11098
43213
13952
14306
14036
4265
14993
13427
15115
14306
14998
14001
25864
14900
14318
5008
9396
16443
22351
3999
15426
3792
14325
14812
13984
12864
13674
15170
2337
15074
14467
12922
9183
13986
31218
22990
15066
15256
14278
13831
14472
15249
14096
34496
14875
15013
15054
34412
16298
15190
3581
15558
13755
26754
35037
15125
15407
13238
15206
14397
14952
13558
15510
13387
14060
14333
14889
4045
10057
4366
13888
16109
14390
13889
45593
15286
14251
15224
14370
14556
36591
9845
3634
13881
32053
14978
14966
3927
14827
14835
14835
30651
14117
28855
19760
30714
8765
28671
485
35322
13967
14404
11853
13650
14533
4398
14296
10474
14339
10771
13919
34694
55833
15064
15437
35135
9626
27303
8371
27348
4762
3976
14773
4432
23330
27234
4662
35038
4788
12236
23405
32789
27310
15658
12787
9908
14461
14193
14423
14393
22360
13880
14038
23300
35094
13767
14005
13925
10861
10354
27194
22709
14291
10841
7720
4374
1764
35053
23097
4225
13792
27458
7952
7952
13030
14171
14490
19719
7
10545
12553
13753
10126
8008
12825
9720
17165
1435
13866
10841
14006
23091
4413
14050
7884
4051
7885
15208
4458
14018
4066
4112
19746
14703
10041
4112
14143
23135
12895
10225
14156
13853
14847
11857
13574
18917
14314
4180
15809
14171
15259
14180
15259
14294
14152
2430
14461
10664
13857
13998
3994
10192
4176
19369
12568
20187
28940
19958
14344
39810
14212
13872
14021
13667
23339
3879
13573
13914
14778
10229
13749
34921
14911
2310
14101
12578
10091
14685
15217
10590
14464
14234
9771
13701
14273
14556
14555
14329
15692
8153
14150
12495
14437
10861
13275
274
14831
13068
14343
12295
14660
13990
4133
13601
9957
13774
14657
14751
2496
15190
14555
14054
14592
15121
14089
14934
14389
14547
14512
14548
15438
14569
14909
7878
14212
13029
13839
14662
9066
32893
13122
16589
34590
12843
8234
12678
14999
4224
5022
1866
13022
34668
33711
15479
16332
16425
14986
1858
33229
2023
15246
15798
37047
14905
10512
15436
13408
14948
13791
39357
14367
15034
13140
14106
13697
14081
9467
14623
14520
13890
14087
14528
17238
-6
7959
13751
13019
15314
4395
15568
12766
37199
13619
14637
13359
13103
10264
13720
14176
4481
14176
14971
13499
13523
13612
14136
14281
14150
15818
15793
13364
14141
15331
10150
13961
14474
13730
15257
33217
15022
13901
12815
15073
13093
3884
15523
13962
13392
15149
14652
23174
14263
16572
14270
14684
4196
14547
12830
14158
14312
13889
13186
14562
38251
14284
13511
7451
13585
13975
15674
14129
15428
11832
15728
16109
13710
16061
15014
13553
14396
15166
13242
14224
15438
12401
4166
13727
15152
15438
14151
12281
4376
14021
14804
13939
12519
4281
15570
14048
15507
15445
15481
14802
14384
12181
13584
13975
13859
4571
15463
14061
15212
12851
14110
16586
16770
13682
33561
15089
23166
13449
15003
14454
13433
15091
14925
24022
14692
15590
12930
13124
23071
14972
14072
12857
13902
34437
23681
14996
15371
11585
8091
4049
14362
13050
14329
13708
21712
10109
33462
12861
12200
14426
14351
14017
14591
13759
38755
13163
15690
12591
14772
13062
14306
14342
14701
14678
12776
13257
11048
34338
14518
13459
33912
13304
9688
34047
13275
13134
13169
13080
15122
14356
13480
14271
14510
15102
14883
15885
13263
12950
14645
2053
15135
21934
14198
14116
24500
11979
13234
1837
4389
14099
16125
13660
13366
15219
13258
9622
14045
37888
13974
16130
9971
13493
38525
37905
13039
3612
24960
14661
12815
14313
12823
14460
14522
13744
14732
14357
9920
13514
13535
13535
12405
9001
14003
9286
11902
6173
15625
13314
22770
14961
10792
13779
38969
16165
14650
13047
13464
38859
10550
13710
36656
15932
13602
14097
2498
12420
27081
15908
13690
12441
15660
15073
13479
13886
13576
12441
14577
15940
15473
11937
14638
14162
200
13472
13882
14101
15532
16532
14467
10722
13550
14040
8554
15230
14540
14434
14826
22958
14047
22934
14543
12289
15380
23251
9999
15411
16010
12401
12705
13658
14805
15776
14645
32977
9020
13733
14208
14756
16179
12282
13816
16421
13610
16578
14090
15994
2388
16278
13456
8939
13573
14612
14138
22020
9228
38646
14060
15402
15061
14594
15978
14398
13262
15175
15280
15319
15667
14261
15010
14603
14646
3604
7851
14986
15026
15059
15140
15186
14196
12846
15430
14413
13376
13475
9793
15135
16036
14525
14324
14986
14401
4575
14207
10622
14562
10428
14238
14686
10015
22946
14694
14935
16678
14183
9942
15119
15900
16099
14124
15055
13735
14220
15045
13733
14243
13200
34257
14012
14364
14535
14243
14815
14405
14054
3874
27398
14537
15286
14201
9627
16628
14511
16672
14156
14060
16614
13217
15490
13430
12288
13760
14062
15258
10237
14122
15887
14936
14120
14855
16661
13726
4537
15943
13780
15067
21441
34641
14156
15256
14452
15840
14618
34699
13221
13634
14915
15783
14488
15666
14027
14702
15563
23402
15574
13835
15319
15019
14390
15232
3498
13835
12927
15425
10205
13811
12770
14206
15521
13236
14691
13837
10486
10494
9593
12772
14491
14327
21510
14375
15172
13829
12884
4043
13256
21467
13052
13646
37319
14195
37795
22247
14478
13949
16823
15266
13305
15299
14614
4039
10813
13040
13868
13100
14095
15458
13469
15489
12961
14470
4370
15524
15323
12997
15496
15215
15795
14459
12837
15252
13493
13484
13394
14636
13435
14307
13226
22919
21702
13815
14451
12958
12896
13832
13850
14612
15097
12434
14128
9055
13071
14426
14409
15225
15209
14766
2173
14348
5650
15389
29748
15658
10734
10307
11976
13284
15986
13168
13180
15358
7190
15310
14767
15781
3958
13195
13623
26782
13856
15589
13812
13670
3468
14662
11417
15467
12445
14665
14777
14226
13105
13586
14968
13034
14173
15544
13137
13940
14680
13309
13653
4111
14578
13763
3694
14794
15988
14230
14138
39256
15710
12109
12956
10988
16458
13333
13364
14066
22825
14506
13013
14027
14483
12255
22089
16459
13633
13103
14218
13007
14637
14474
2326
12928
13067
14171
13136
2425
38423
15317
11550
12956
13975
15075
14117
15479
14183
14270
13444
13182
13187
13697
3579
14060
12199
9688
14845
14194
15003
13798
16554
13468
13133
14056
7759
15449
12683
14780
14780
7159
14214
13877
3519
13970
13442
4321
4335
14996
15149
14852
4505
3522
13179
3711
14737
14829
13043
15235
13717
15316
15176
14312
14246
12963
7642
7642
20282
14682
10732
13107
14033
14641
8770
13231
9215
13640
14807
4520
15729
7539
13649
14214
14698
14801
14229
13425
13247
14541
14017
14366
14755
15243
13502
15703
15703
10860
14868
13791
12340
14390
13916
14734
14691
14919
15295
3924
27119
13852
15133
30796
14592
13772
13334
14770
15196
12516
15687
15511
15193
15410
15444
15309
13189
11982
12998
14421
15122
14483
12984
14303
14222
13985
12315
11106
7277
5526
13410
13410
13337
13337
13418
13451
15674
36879
34811
16546
15698
300
15127
10561
10981
14951
14435
13732
14120
14838
7491
15164
14256
14559
24342
14377
13979
11095
33162
13571
22007
3471
13757
14443
10888
13680
14490
33108
16122
13103
13631
22010
13810
3721
13059
15057
4301
14438
15567
14832
15092
13520
14653
15201
25752
14698
15109
14479
12574
14063
13781
15290
15150
13868
10877
14425
14951
15377
15355
14957
13151
9721
18114
10547
16227
10994
16137
14595
13361
21640
14999
8132
22400
14399
13790
14399
14689
13187
12503
37269
14683
14152
16233
12454
9351
15940
9187
14842
14731
13762
15335
29502
12857
13635
14917
14031
4264
15177
14223
14008
14850
12840
3692
14976
22656
10908
9416
10310
16271
15040
14332
34534
14848
14915
14946
14567
12647
13590
2398
11407
14027
1347
13031
35852
13713
16490
14156
10995
10310
2367
3148
14797
15132
12322
10391
14000
3943
16579
3994
15452
16481
14989
15149
3945
14314
12454
14909
15180
15172
15168
3838
14931
14494
15076
15056
15610
15720
16278
15803
14614
3949
14098
11036
15205
13262
14768
3952
15367
14855
14462
15577
3880
15278
300
3878
12076
35140
4013
14589
25701
13673
13378
3770
9426
14845
14397
4822
22488
7110
12299
3834
14904
39636
7208
24494
12091
76746
7271
14294
12117
11905
14750
14579
32793
13912
14442
6020
14986
7561
12986
14404
11794
11790
13641
14385
26012
8746
15438
4569
12334
4273
14027
3372
14254
7344
3847
11633
22514
13994
2323
13513
4187
7483
4195
24988
13840
13736
3563
35100
12056
3542
3829
14483
14210
3897
3406
12263
7395
11692
14439
4310
4244
11987
15688
35020
14240
35723
570
14085
3787
14077
4516
381
4507
22269
3737
11319
7166
16099
4028
4366
4035
13523
26340
17625
11628
4133
11569
11479
4099
516
15262
518
21348
4662
13931
14265
15529
15529
526
526
3598
15444
13660
13660
12142
12142
15476
13491
590
587
29247
14990
3779
11275
15740
17503
3618
11657
11657
11598
22108
11822
3903
11289
15162
7447
15316
16281
15268
13082
15289
3629
15319
14693
15695
11402
15319
4082
24582
37229
3698
24583
3702
3858
29548
2098
15162
15403
4356
14694
11489
13622
11327
11342
15500
11365
16000
11396
18973
14358
15455
12731
30660
22237
30639
15380
14685
15851
8713
12033
14069
13789
15496
14529
15803
32735
15223
15134
15382
32685
13755
16298
4107
15576
29548
22962
15741
4795
21245
16029
15375
13459
13310
13311
12660
13284
11573
6851
15943
3465
7322
4535
19147
36756
7691
15950
16009
14658
6954
15268
15791
12130
14529
15047
14537
29346
36607
11650
12889
15381
15345
11627
14286
404
4028
14314
4028
29696
22487
7364
11841
11546
7254
15445
14145
15638
15088
15199
719
720
1660
16421
15764
15056
14867
3920
7230
14916
14928
15641
14845
4496
14394
11840
11784
21697
11583
11425
15858
10816
15579
15167
10964
12155
12229
21921
15663
4441
15485
4470
15392
15068
4519
16005
11535
16013
6634
15452
11669
15288
16973
15161
15595
11467
478
478
14911
15841
14610
11378
11945
12074
29928
11748
8789
11425
14587
6973
6959
11952
11474
4749
4382
14476
11288
4454
13073
26968
10122
13858
11071
5716
7543
11620
21887
13325
4557
16170
11540
11689
15096
16281
10975
23277
15073
24883
8957
8924
4498
12267
4653
11608
23270
3996
11113
17312
17030
4311
4097
12231
23123
14681
4123
4687
11637
11298
11202
11714
11257
11818
13811
11498
8831
11364
4922
11460
11452
12438
15271
37694
4521
11063
11213
14660
7515
11131
11011
14999
15200
11060
12085
17045
42870
4671
14738
2469
11848
9469
17003
4381
9886
14846
5148
7633
17237
23564
22436
4446
40196
4351
17363
15058
10942
12598
15174
11407
15731
24838
4542
4527
24806
11518
4472
12502
14656
11397
11760
11359
4121
12884
24039
9455
10352
14399
5190
11423
2612
7521
11170
15259
14781
11035
10810
5092
11091
12520
11090
14350
11758
10970
11690
11113
10310
13530
10580
11453
10681
11357
13230
12170
13435
12304
9410
13458
11518
12150
11840
4088
11055
13010
12170
11381
12070
12270
10793
11445
11295
13570
10963
4550
11548
13230
4350
11930
3730
12090
13203
11694
4127
16117
4660
4310
12195
12210
4386
11850
4386
13320
10235
9640
10880
10040
10375
11630
11630
11567
11567
11679
10225
12689
10975
11269
12730
9320
10925
11952
11589
4478
3834
4466
12650
11107
4409
10395
12440
11885
4216
11504
4420
3827
11678
12297
11242
10328
12255
11188
14756
11790
11305
13880
11789
4130
15350
12277
15174
4862
12150
10447
11901
12700
11666
14889
5191
11307
12209
11348
4812
15499
12585
3886
12205
14738
4271
38790
4890
11485
4238
470
12022
11369
29272
38823
5117
4530
12210
13896
11800
11118
17193
5530
11260
7538
4235
14649
12190
30107
10705
14808
4350
14697
5068
5235
27740
28728
5370
11833
7591
11128
12430
12523
5155
3586
13475
8559
4681
15265
11396
4597
10868
11327
5068
11173
4552
4883
4539
12811
4157
4856
4679
13900
12590
5015
3800
12230
4671
326
4813
5000
4813
14997
11477
11604
11869
14777
4236
4719
15212
22419
11011
11843
15380
4220
4280
11670
28576
11670
16129
13998
14513
23365
12335
11662
4357
30091
3718
4203
11694
17700
14416
17688
11776
14731
11213
4649
10641
11240
22737
10522
5158
12267
11098
141
5362
11648
11845
4673
4751
4294
11919
14416
16781
1369
11270
4265
10537
11575
4137
5659
15688
14053
14853
15176
6697
22610
14602
14720
5655
12172
4753
15593
1388
1388
5048
15438
16139
3931
4706
11834
14709
29299
12525
4554
4655
22321
5064
14146
4908
13756
4970
7036
11160
11130
11064
22269
4584
4409
4671
11483
14569
5106
13807
1640
4907
67679
14782
11610
4138
11464
30657
12116
21934
11602
14854
11302
22377
15393
11162
14658
11224
14360
22192
4776
33821
33821
15453
7257
21367
21367
11444
5321
4740
4983
6910
14658
22757
14988
4870
10896
5344
6892
31178
38920
11507
21992
11177
11553
4621
4669
11622
14887
21543
15835
13576
15349
11175
15528
11028
11326
11392
11465
11390
11392
11400
21935
11107
23300
4998
7056
14152
10853
4358
29242
15025
6923
5583
6853
13819
15011
26381
15408
14871
14857
4397
4415
12099
12827
14848
11263
21993
15204
14923
12620
14090
12016
6934
15931
5749
5749
11095
15341
5685
12664
14816
23230
4645
21816
2521
2717
14936
11385
14731
13782
11929
12880
2535
21456
11434
11241
22978
4577
11708
3688
11902
13743
11387
4868
3954
4623
66810
4498
11610
15360
30343
15349
4614
14819
15156
12145
11602
15123
11914
3990
11300
18901
4094
4317
3503
4317
4512
4352
24209
26685
12514
10845
561
10888
11137
27528
5508
4200
22480
27843
2639
2674
11619
4267
11189
22620
11098
22604
56730
2663
29544
4333
11250
11242
11194
4333
4205
11424
11383
5071
4285
3965
4975
4395
3986
7282
7282
7299
4167
53089
11266
4548
14910
3867
3976
6786
11270
15005
4333
11288
15231
15510
15574
4310
22042
21078
15129
13669
3678
3729
3679
4188
27343
34600
14855
16506
4396
23394
18696
4250
18065
6019
6019
4305
3460
24726
20626
4117
15124
10787
2588
15529
15540
3227
16903
4161
2594
24495
1226
15087
1216
11133
3735
28459
21966
15400
28139
15854
20020
15647
3605
29164
14933
11312
11280
19629
21566
20993
3914
11272
5761
10752
10630
16976
22158
3886
11051
4034
3821
3839
21358
19205
7135
6991
4125
7206
11273
19169
4241
6920
21556
11684
3733
5156
3852
4020
4704
2718
16985
7093
3782
11610
11260
10282
15345
5723
3969
4197
4126
4137
4474
5329
3891
11503
7104
15340
12098
10420
21672
4261
4748
10321
11458
21301
4808
4513
6948
11818
15930
3849
4475
3627
6143
27671
19012
4065
4621
6801
7163
10368
5870
10271
11762
4062
10263
15900
4526
7206
7206
3182
4401
4111
4111
11533
7026
6603
21508
6992
4840
11631
15647
15816
6969
10149
4847
3223
4342
17046
4672
17355
3821
4125
11678
2692
6828
22511
11680
10654
17605
11499
16339
9198
10296
4439
6840
11449
9050
4135
4309
11456
4360
9917
7100
10227
3445
10609
11505
16171
15976
10043
10219
4774
20143
7015
14588
11100
7075
11337
6911
7151
4172
6798
6781
2629
8365
7107
20601
6960
4503
6763
11369
11381
30000
25700
13154
11338
16151
11626
3781
6704
11509
30212
18759
16313
11422
22733
22947
18702
11146
7765
4482
18513
11186
22478
11590
16048
6936
7849
8416
11869
4350
4260
7721
13191
11541
11392
2604
8095
16482
8797
16970
15729
11474
6721
10137
11579
15921
16287
9086
15003
7484
7410
37950
11196
11639
24992
4334
11410
11199
11203
11175
8363
30392
2652
16243
11667
8238
27822
11332
11477
6905
14990
7094
11427
6806
3823
16898
16129
5943
4021
2784
6926
16558
2807
28461
7007
2753
31473
2689
11847
45265
7048
7048
19864
15894
6452
17094
6411
17355
2722
20616
6730
16651
19157
7735
3863
7085
7350
1380
7200
31472
1335
38635
3973
2476
31718
16812
19389
11846
3633
7904
19583
17004
10749
4312
13350
16462
8879
